26.87320381650214 42.09324421453431 1
28.11811211147475 59.40777639217576 1
18.15928340835757 68.78448029158031 1
20.84362610828373 30.01244096826809 1
22.34144189313319 62.35754197947789 1
16.13730716524209 42.31997779121192 1
8.58052997461862 59.77930659840251 1
9.23591551598255 43.86148729131336 1
11.00527390247143 52.15468415761362 1
28.79017259727179 48.28096126147968 1
22.8592201391685 38.93830966662259 1
19.14778563747478 35.60368873468937 1
12.98830691415362 46.17253193746042 1
1.12845376011206 45.95898112786598 1
28.8492818468204 55.90091976698733 1
53.91572094896897 25.86010558969774 -1
48.84538507318551 19.68185534949892 -1
62.062048388196 4.08648945123785 -1
34.05434407869639 17.51696822889245 -1
38.57905391885387 18.97263809731972 -1
45.78338226167615 28.37436129488144 -1
60.44624907342229 25.9378193539908 -1
58.13043695772835 21.21388134741142 -1
66.16055946089557 28.09092854598065 -1
