11.86929237781573 1.93340633677651 1
21.23908008508278 18.14340417191505 1
20.42381288680243 21.91808755770761 1
15.23163754993152 13.15904568304622 1
9.20397312710795 6.87940099186289 1
9.15400963739336 6.34666802982513 1
8.64495924208471 12.86196755300378 1
4.11398374473316 4.06932539277875 1
14.67986335512422 33.07048073563942 1
6.6777436789819 0.39840554272645 1
47.55288977573481 37.94299692721346 -1
47.32242592476838 65.7561858940162 -1
39.46498399591233 36.805382175823 -1
52.81136781869189 38.46305470607602 -1
34.44672142081105 63.21491658977543 -1
61.37934176565378 42.83337366608494 -1
35.59609118660743 36.96141613503225 -1
42.67829475151895 60.57947840142285 -1
