68.15388973253982 38.8344276027433 1
68.30078152590268 38.18380500608761 1
68.15866546472407 38.49335946837807 1
68.1523108413309 38.72384693373161 1
68.13650340948534 38.20863104191942 1
68.26690107499873 38.02598598326344 1
68.3164788761332 38.80354896046553 1
68.23118579452225 38.58991005245117 1
68.99307074133138 39.80511842829515 -1
68.81507091985539 39.25461544057229 -1
68.89868957289191 39.30939659233374 -1
68.87470531267765 39.7799952291318 -1
68.97193239494835 39.39193027823306 -1
68.75051587761949 39.55050604571932 -1
68.66254026875623 39.6788693756267 -1
