229.94102256011516 2.65851746596597 1
249.17012207418927 24.6547728716042 1
2.85480789417589 47.14662562306734 1
66.94970902227645 88.51895358404168 1
122.27441333029365 26.11979371976019 1
229.9422750732732 32.56689484920994 1
133.832259644553 61.73379534941009 1
115.37822360906682 72.59945407468263 1
7.03623272054477 21.85332312026256 1
222.7414018839003 8.19001962174058 1
227.7230342963706 70.78063437650012 1
149.2439885286951 115.18494651660771 1
45.65166596906855 86.85964125895077 1
80.89586893774423 74.67760975063804 1
200.5722771216117 115.9325237655138 1
180.45225988734384 118.94669369053514 1
213.644822272738 38.17949373585698 1
184.89397673147914 24.85366360758411 1
195.00367476021623 15.77394589368231 1
90.35463826572376 113.97315866257003 1
182.69254907734572 85.24856500711526 1
147.8187618662562 39.2723812672939 1
172.95984278400445 39.45648913546797 1
175.54483747912195 69.33407227788847 1
17.45075782225855 16.7573336396221 1
39.52854796193014 77.65539643712677 1
132.75371123913615 77.09487341933337 1
116.59804565271953 81.1658509129764 1
81.85701344269225 70.36889501319538 1
199.23512573166875 29.7848822745025 1
164.93032639625085 50.68411618104478 1
237.89917039688103 27.35005270430739 1
126.08876652244005 92.08559683008211 1
184.83345444827103 112.9895411137633 1
39.6374959537793 50.85737855883519 1
123.96744722547348 123.01117360796907 1
82.67021142431999 33.06483631268127 1
169.9227713866363 98.05596388588451 1
167.60659788568267 1.87947993866235 1
40.71822687222648 123.7247723922346 1
226.07559245624768 2.22523631569195 1
147.15628529059322 97.42872433388976 1
123.2809870099802 74.47619326124072 1
22.74237276727623 36.49228365628968 1
97.05857064582757 15.0003250459614 1
236.97110285676888 48.67545118356771 1
35.33220410153881 7.02085130852216 1
167.85551235161435 108.92046273551045 1
12.53578772128944 107.74616853822806 1
64.24517020261916 38.27960619793647 1
180.1246609100659 118.8098149949166 1
78.0594281732723 73.41677782580372 1
28.76835456862137 28.77520296920034 1
118.4728163463851 43.54199747960036 1
47.4821940080975 85.19575982412942 1
71.78184069893132 32.94526174268582 1
197.51163078098162 10.17362779036203 1
163.6129510379168 65.40986702640029 1
153.08101863930963 68.68628451171507 1
247.5939184710531 80.39658512899837 1
172.76964008632095 32.37828118842405 1
159.6293495801806 113.83293194716981 1
56.35683446407469 22.86687187199568 1
171.6119494037912 13.63599710863181 1
33.60080433621793 15.55476796044175 1
216.4228662826008 92.25140734943322 1
18.45442449846615 101.55843810906757 1
234.14291629345922 17.67051187874993 1
174.05155908499245 107.0409265778805 1
121.70108981275968 175.95820894843916 -1
226.51343916549322 212.87862408994505 -1
0.37757241868372 247.8451829632511 -1
148.12334817001866 227.6155693345153 -1
7.07635680556895 184.50344379384404 -1
157.813806956295 155.63333796019987 -1
185.363835338048 181.6679618940002 -1
26.99772210914717 163.00738755629285 -1
18.49142832505943 143.83412807166482 -1
104.40586078842153 132.2155290171553 -1
203.53392742070602 212.60137281397644 -1
37.34904096319458 138.4055652574651 -1
152.59318818797666 176.92995474913909 -1
26.64942421255414 131.23468337540118 -1
54.32917220466494 145.64456642714342 -1
2.14854407050968 136.07371735949064 -1
123.61482846205818 224.08907263565618 -1
98.19028418006474 163.02320494476692 -1
19.18827543583043 228.65616595934893 -1
191.37563108797437 157.58897065171215 -1
29.46429411219525 168.61743086272756 -1
198.14032881946528 245.22080781427138 -1
199.56694933039537 211.22943925267685 -1
232.70534650410508 240.70064960712324 -1
55.39209022850164 137.04263631310812 -1
65.77296792822543 173.0486574008493 -1
59.23778852115413 154.63686365394966 -1
223.1305656725617 179.45483170576358 -1
92.0738198227643 173.36496870848495 -1
96.32059550110384 182.85023121423367 -1
