295.1965989487633 67.31533850143623 1
202.7925260984412 451.3005906805858 1
55.27494552302786 307.28438967314696 1
474.3974929639289 122.9152869385025 1
476.60074522718685 180.6643063106337 1
428.3225866555993 134.8797215738227 1
84.84941441197552 410.1073907185845 1
358.8507013016541 50.97767740523768 1
282.02237463309746 461.10624327876343 1
125.3057100480921 286.97119452822966 1
76.76669198591496 111.50711027103483 1
583.2764540969688 721.5376750043602 -1
610.1916655852855 603.4761972024526 -1
757.2803784090831 890.2222868215615 -1
863.5841655860529 763.8983039775453 -1
799.2429721735539 766.3287646811002 -1
831.0090619048547 955.9068119338779 -1
772.34864601616 740.3828613131778 -1
799.4322805421468 623.7714802213468 -1
839.8122107062355 897.2778477839265 -1
927.3180130106442 724.2029591511941 -1
569.4829428699658 909.433052371525 -1
