5.91710800167419 4.17544535734466 1
5.47506953343124 14.09255300875579 1
22.16749602968151 8.23113378576376 1
14.76345445272197 2.93607233364499 1
8.4133114724558 20.32001379272926 1
16.05482561408891 21.23667549252629 1
13.50245377004593 3.94816697171546 1
3.92560770406476 27.79004510381479 1
19.59988258180483 14.82986703907189 1
5.84117291137893 7.92959133670587 1
65.36419959417302 49.22720777135894 -1
55.49957181305162 55.75216820467018 -1
24.17314591116249 39.97498234620211 -1
41.09908893604214 53.02153256185033 -1
25.95784084691194 56.72096597098221 -1
45.37488056478468 61.97419936667279 -1
31.7777428435021 46.90795367490341 -1
39.75502765055557 51.84337526856307 -1
